RASTER_GIS_FILES=../../raster_gis_files_vol
PUBLIC_GIS_FILES=../../public_gis_files_vol
DPI=70
EXTEND=-67.0374445490724,-66.40422276595004,9.067686781623337,9.381392986105977 [EPSG:4326]
METATILESIZE=4
QUALITY=75
TILE_FORMAT=0
TILE_HEIGHT=256
TILE_WIDTH=256
TMS_CONVENTION=False
ZOOM_MAX=12
ZOOM_MIN=12
TIF_FILENAME=test.tif